jaccard: 0.020574 seconds
levenshtein: 0.010354 seconds
nli: 20.451838 seconds
sbert: 3.680544 seconds
