jaccard: 0.006764 seconds
levenshtein: 0.005765 seconds
nli: 26.034008 seconds
sbert: 2.121952 seconds
